93
128
0 1 62 0
1 2 267 0
2 3 70 0
2 4 90 0
3 5 91 0
4 6 63 0
4 8 46 0
5 8 19 0
5 11 39 0
6 7 55 0
6 16 102 0
7 18 72 0
8 9 33 0
9 10 53 0
9 15 113 0
10 11 10 0
10 12 100 0
11 14 141 0
12 13 10 0
12 14 39 0
13 15 62 0
13 21 60 0
14 21 102 0
15 16 54 0
16 17 9 0
17 18 73 0
17 19 56 0
18 92 465 0
19 20 94 0
19 22 89 0
20 21 14 0
22 23 135 0
23 24 25 0
23 25 46 0
23 26 60 0
24 25 27 0
24 26 76 0
24 29 75 0
25 27 36 0
25 31 54 0
26 31 25 0
26 86 164 0
27 28 49 0
27 30 40 0
28 29 31 0
28 30 76 0
30 32 121 0
32 33 36 0
32 34 58 0
33 34 86 0
34 35 78 0
35 36 67 0
35 40 74 0
35 79 80 0
36 37 52 0
36 38 69 0
37 39 71 0
38 39 52 0
38 40 62 0
39 42 100 0
40 41 100 0
41 42 118 0
41 66 107 0
41 68 109 0
42 43 73 0
43 44 20 0
43 45 160 0
44 47 330 0
44 50 80 0
45 47 131 0
45 48 112 0
46 64 55 0
47 50 31 0
48 49 40 0
49 50 54 0
51 52 43 0
51 53 31 0
52 66 62 0
53 54 414 0
54 55 235 0
55 56 54 0
55 65 696 0
56 57 77 0
57 58 81 0
58 59 45 0
59 60 12 0
60 61 55 0
61 62 20 0
62 63 126 0
63 64 21 0
66 67 160 0
67 68 125 0
67 69 125 0
68 69 141 0
68 77 109 0
69 70 22 0
70 71 183 0
70 73 261 0
70 89 240 0
71 72 82 0
72 73 10 0
72 88 162 0
73 74 34 0
73 88 162 0
74 75 58 0
74 80 26 0
75 76 40 0
76 77 39 0
77 78 74 0
78 79 52 0
78 80 58 0
78 82 52 0
79 84 225 0
80 81 54 0
81 82 51 0
81 83 106 0
82 84 87 0
83 84 47 0
83 85 72 0
85 88 48 0
86 87 24 0
86 88 30 0
87 88 19 0
87 90 562 0
89 90 30 0
89 91 39 0
90 91 43 0
